0,31,31,31,31,31,
1,31,31,31,31,31,
2,37,37,37,37,37,
3,57,57,57,57,57,
4,78,78,78,78,78,
5,98,98,98,98,98,
6,120,120,120,120,120,
7,145,145,145,145,145,
8,165,165,165,165,165,
9,187,187,187,187,187,
10,210,210,210,210,210,
11,236,236,236,236,236,
12,262,262,262,262,262,
13,262,262,262,262,262,
14,306,306,306,306,306,
15,306,306,306,306,306,
16,358,358,358,358,358,
17,358,358,358,358,358,
18,406,406,406,406,406,
19,406,406,406,406,406,
20,457,457,457,457,457,
21,457,457,457,457,457,
22,508,508,508,508,508,
23,508,508,508,508,508,
24,508,508,508,508,508,
25,559,559,559,559,559,
26,559,559,559,559,559,
27,636,636,636,636,636,
28,636,636,636,636,636,
29,636,636,636,636,636,
30,710,710,710,710,710,
31,710,710,710,710,710,
32,710,710,710,710,710,
33,787,787,787,787,787,
34,787,787,787,787,787,
35,787,787,787,787,787,
36,787,787,787,787,787,
37,889,889,889,889,889,
38,889,889,889,889,889,
39,889,889,889,889,889,
40,889,889,889,889,889,
41,993,993,993,993,993,
42,993,993,993,993,993,
43,993,993,993,993,993,
44,993,993,993,993,993,
45,1094,1094,1094,1094,1094,
46,1094,1094,1094,1094,1094,
47,1094,1094,1094,1094,1094,
48,1094,1094,1094,1094,1094,
49,1094,1094,1094,1094,1094,
50,1224,1224,1224,1224,1224,
51,1224,1224,1224,1224,1224,
52,1224,1224,1224,1224,1224,
53,1224,1224,1224,1224,1224,
54,1224,1224,1224,1224,1224,
55,1356,1356,1356,1356,1356,
56,1356,1356,1356,1356,1356,
57,1356,1356,1356,1356,1356,
58,1356,1356,1356,1356,1356,
59,1356,1356,1356,1356,1356,
60,1356,1356,1356,1356,1356,
61,1501,1501,1501,1501,1501,
62,1501,1501,1501,1501,1501,
63,1501,1501,1501,1501,1501,
64,1501,1501,1501,1501,1501,
65,1501,1501,1501,1501,1501,
66,1656,1656,1656,1656,1656,
67,1656,1656,1656,1656,1656,
68,1656,1656,1656,1656,1656,
69,1656,1656,1656,1656,1656,
70,1656,1656,1656,1656,1656,
71,1656,1656,1656,1656,1656,
72,1836,1836,1836,1836,1836,
73,1836,1836,1836,1836,1836,
74,1836,1836,1836,1836,1836,
75,1836,1836,1836,1836,1836,
76,1836,1836,1836,1836,1836,
77,1836,1836,1836,1836,1836,
78,1836,1836,1836,1836,1836,
79,2033,2033,2033,2033,2033,
80,2033,2033,2033,2033,2033,
81,2033,2033,2033,2033,2033,
82,2033,2033,2033,2033,2033,
83,2033,2033,2033,2033,2033,
84,2033,2033,2033,2033,2033,
85,2033,2033,2033,2033,2033,
86,2033,2033,2033,2033,2033,
87,2262,2262,2262,2262,2262,
88,2262,2262,2262,2262,2262,
89,2262,2262,2262,2262,2262,
90,2262,2262,2262,2262,2262,
91,2262,2262,2262,2262,2262,
92,2262,2262,2262,2262,2262,
93,2262,2262,2262,2262,2262,
94,2262,2262,2262,2262,2262,
95,2500,2500,2500,2500,2500,
96,2500,2500,2500,2500,2500,
97,2500,2500,2500,2500,2500,
98,2500,2500,2500,2500,2500,
99,2500,2500,2500,2500,2500,
100,2500,2500,2500,2500,2500,
101,2500,2500,2500,2500,2500,
102,2500,2500,2500,2500,2500,
103,2500,2500,2500,2500,2500,
104,2751,2751,2751,2751,2751,
105,2751,2751,2751,2751,2751,
106,2751,2751,2751,2751,2751,
107,2751,2751,2751,2751,2751,
108,2751,2751,2751,2751,2751,
109,2751,2751,2751,2751,2751,
110,2751,2751,2751,2751,2751,
111,2751,2751,2751,2751,2751,
112,2751,2751,2751,2751,2751,
113,3028,3028,3028,3028,3028,
114,3028,3028,3028,3028,3028,
115,3028,3028,3028,3028,3028,
116,3028,3028,3028,3028,3028,
117,3028,3028,3028,3028,3028,
118,3028,3028,3028,3028,3028,
119,3028,3028,3028,3028,3028,
120,3028,3028,3028,3028,3028,
121,3028,3028,3028,3028,3028,
122,3028,3028,3028,3028,3028,
123,3028,3028,3028,3028,3028,
124,3350,3350,3350,3350,3350,
125,3350,3350,3350,3350,3350,
126,3350,3350,3350,3350,3350,
127,3350,3350,3350,3350,3350,
128,3350,3350,3350,3350,3350,
129,3350,3350,3350,3350,3350,
130,3350,3350,3350,3350,3350,
131,3350,3350,3350,3350,3350,
132,3350,3350,3350,3350,3350,
133,3350,3350,3350,3350,3350,
134,3350,3350,3350,3350,3350,
135,3350,3350,3350,3350,3350,
136,3350,3350,3350,3350,3350,
137,3686,3686,3686,3686,3686,
138,3686,3686,3686,3686,3686,
139,3686,3686,3686,3686,3686,
140,3686,3686,3686,3686,3686,
141,3686,3686,3686,3686,3686,
142,3686,3686,3686,3686,3686,
143,3686,3686,3686,3686,3686,
144,3686,3686,3686,3686,3686,
145,3686,3686,3686,3686,3686,
146,3686,3686,3686,3686,3686,
147,3686,3686,3686,3686,3686,
148,3686,3686,3686,3686,3686,
149,3686,3686,3686,3686,3686,
150,3686,3686,3686,3686,3686,
151,3686,3686,3686,3686,3686,
152,3686,3686,3686,3686,3686,
153,3686,3686,3686,3686,3686,
154,4064,4064,4064,4064,4064,
155,4064,4064,4064,4064,4064,
156,4064,4064,4064,4064,4064,
157,4064,4064,4064,4064,4064,
158,4064,4064,4064,4064,4064,
159,4064,4064,4064,4064,4064,
160,4064,4064,4064,4064,4064,
161,4064,4064,4064,4064,4064,
162,4064,4064,4064,4064,4064,
163,4064,4064,4064,4064,4064,
164,4064,4064,4064,4064,4064,
165,4064,4064,4064,4064,4064,
166,4064,4064,4064,4064,4064,
167,4064,4064,4064,4064,4064,
168,4064,4064,4064,4064,4064,
169,4064,4064,4064,4064,4064,
170,4064,4064,4064,4064,4064,
171,4474,4474,4474,4474,4474,
172,4474,4474,4474,4474,4474,
173,4474,4474,4474,4474,4474,
174,4474,4474,4474,4474,4474,
175,4474,4474,4474,4474,4474,
176,4474,4474,4474,4474,4474,
177,4474,4474,4474,4474,4474,
178,4474,4474,4474,4474,4474,
179,4474,4474,4474,4474,4474,
180,4474,4474,4474,4474,4474,
181,4474,4474,4474,4474,4474,
182,4474,4474,4474,4474,4474,
183,4474,4474,4474,4474,4474,
184,4474,4474,4474,4474,4474,
185,4474,4474,4474,4474,4474,
186,4474,4474,4474,4474,4474,
187,4474,4474,4474,4474,4474,
188,4474,4474,4474,4474,4474,
189,4474,4474,4474,4474,4474,
190,4474,4474,4474,4474,4474,
191,4923,4923,4923,4923,4923,
192,4923,4923,4923,4923,4923,
193,4923,4923,4923,4923,4923,
194,4923,4923,4923,4923,4923,
195,4923,4923,4923,4923,4923,
196,4923,4923,4923,4923,4923,
197,4923,4923,4923,4923,4923,
198,4923,4923,4923,4923,4923,
199,4923,4923,4923,4923,4923,
200,4923,4923,4923,4923,4923,
201,4923,4923,4923,4923,4923,
202,4923,4923,4923,4923,4923,
203,4923,4923,4923,4923,4923,
204,4923,4923,4923,4923,4923,
205,4923,4923,4923,4923,4923,
206,4923,4923,4923,4923,4923,
207,4923,4923,4923,4923,4923,
208,5421,5421,5421,5421,5421,
209,5421,5421,5421,5421,5421,
210,5421,5421,5421,5421,5421,
211,5421,5421,5421,5421,5421,
212,5421,5421,5421,5421,5421,
213,5421,5421,5421,5421,5421,
214,5421,5421,5421,5421,5421,
215,5421,5421,5421,5421,5421,
216,5421,5421,5421,5421,5421,
217,5421,5421,5421,5421,5421,
218,5421,5421,5421,5421,5421,
219,5421,5421,5421,5421,5421,
220,5421,5421,5421,5421,5421,
221,5421,5421,5421,5421,5421,
222,5421,5421,5421,5421,5421,
223,5421,5421,5421,5421,5421,
224,5421,5421,5421,5421,5421,
225,5421,5421,5421,5421,5421,
226,5421,5421,5421,5421,5421,
227,5978,5978,5978,5978,5978,
228,5978,5978,5978,5978,5978,
229,5978,5978,5978,5978,5978,
230,5978,5978,5978,5978,5978,
231,5978,5978,5978,5978,5978,
232,5978,5978,5978,5978,5978,
233,5978,5978,5978,5978,5978,
234,5978,5978,5978,5978,5978,
235,5978,5978,5978,5978,5978,
236,5978,5978,5978,5978,5978,
237,5978,5978,5978,5978,5978,
238,5978,5978,5978,5978,5978,
239,5978,5978,5978,5978,5978,
240,5978,5978,5978,5978,5978,
241,5978,5978,5978,5978,5978,
242,5978,5978,5978,5978,5978,
243,5978,5978,5978,5978,5978,
244,5978,5978,5978,5978,5978,
245,5978,5978,5978,5978,5978,
246,5978,5978,5978,5978,5978,
247,5978,5978,5978,5978,5978,
248,5978,5978,5978,5978,5978,
249,6612,6612,6612,6612,6612,
250,6612,6612,6612,6612,6612,
251,6612,6612,6612,6612,6612,
252,6612,6612,6612,6612,6612,
253,6612,6612,6612,6612,6612,
254,6612,6612,6612,6612,6612,
255,6612,6612,6612,6612,6612,
256,6612,6612,6612,6612,6612,
257,6612,6612,6612,6612,6612,
258,6612,6612,6612,6612,6612,
259,6612,6612,6612,6612,6612,
260,6612,6612,6612,6612,6612,
261,6612,6612,6612,6612,6612,
262,6612,6612,6612,6612,6612,
263,6612,6612,6612,6612,6612,
264,6612,6612,6612,6612,6612,
265,6612,6612,6612,6612,6612,
266,6612,6612,6612,6612,6612,
267,6612,6612,6612,6612,6612,
268,6612,6612,6612,6612,6612,
269,6612,6612,6612,6612,6612,
270,6612,6612,6612,6612,6612,
271,6612,6612,6612,6612,6612,
272,6612,6612,6612,6612,6612,
273,6612,6612,6612,6612,6612,
274,6612,6612,6612,6612,6612,
275,6612,6612,6612,6612,6612,
276,6612,6612,6612,6612,6612,
277,7273,7273,7273,7273,7273,
278,7273,7273,7273,7273,7273,
279,7273,7273,7273,7273,7273,
280,7273,7273,7273,7273,7273,
281,7273,7273,7273,7273,7273,
282,7273,7273,7273,7273,7273,
283,7273,7273,7273,7273,7273,
284,7273,7273,7273,7273,7273,
285,7273,7273,7273,7273,7273,
286,7273,7273,7273,7273,7273,
287,7273,7273,7273,7273,7273,
288,7273,7273,7273,7273,7273,
289,7273,7273,7273,7273,7273,
290,7273,7273,7273,7273,7273,
291,7273,7273,7273,7273,7273,
292,7273,7273,7273,7273,7273,
293,7273,7273,7273,7273,7273,
294,7273,7273,7273,7273,7273,
295,7273,7273,7273,7273,7273,
296,7273,7273,7273,7273,7273,
297,7273,7273,7273,7273,7273,
298,7273,7273,7273,7273,7273,
299,7273,7273,7273,7273,7273,
300,7273,7273,7273,7273,7273,
301,7273,7273,7273,7273,7273,
302,7273,7273,7273,7273,7273,
303,7273,7273,7273,7273,7273,
304,7273,7273,7273,7273,7273,
305,7273,7273,7273,7273,7273,
306,7273,7273,7273,7273,7273,
307,7273,7273,7273,7273,7273,
308,8009,8009,8009,8009,8009,
309,8009,8009,8009,8009,8009,
310,8009,8009,8009,8009,8009,
311,8009,8009,8009,8009,8009,
312,8009,8009,8009,8009,8009,
313,8009,8009,8009,8009,8009,
314,8009,8009,8009,8009,8009,
315,8009,8009,8009,8009,8009,
316,8009,8009,8009,8009,8009,
317,8009,8009,8009,8009,8009,
318,8009,8009,8009,8009,8009,
319,8009,8009,8009,8009,8009,
320,8009,8009,8009,8009,8009,
321,8009,8009,8009,8009,8009,
322,8009,8009,8009,8009,8009,
323,8009,8009,8009,8009,8009,
324,8009,8009,8009,8009,8009,
325,8009,8009,8009,8009,8009,
326,8009,8009,8009,8009,8009,
327,8009,8009,8009,8009,8009,
328,8009,8009,8009,8009,8009,
329,8009,8009,8009,8009,8009,
330,8009,8009,8009,8009,8009,
331,8009,8009,8009,8009,8009,
332,8009,8009,8009,8009,8009,
333,8009,8009,8009,8009,8009,
334,8009,8009,8009,8009,8009,
335,8009,8009,8009,8009,8009,
336,8009,8009,8009,8009,8009,
337,8009,8009,8009,8009,8009,
338,8009,8009,8009,8009,8009,
339,8009,8009,8009,8009,8009,
340,8828,8828,8828,8828,8828,
341,8828,8828,8828,8828,8828,
342,8828,8828,8828,8828,8828,
343,8828,8828,8828,8828,8828,
344,8828,8828,8828,8828,8828,
345,8828,8828,8828,8828,8828,
346,8828,8828,8828,8828,8828,
347,8828,8828,8828,8828,8828,
348,8828,8828,8828,8828,8828,
349,8828,8828,8828,8828,8828,
350,8828,8828,8828,8828,8828,
351,8828,8828,8828,8828,8828,
352,8828,8828,8828,8828,8828,
353,8828,8828,8828,8828,8828,
354,8828,8828,8828,8828,8828,
355,8828,8828,8828,8828,8828,
356,8828,8828,8828,8828,8828,
357,8828,8828,8828,8828,8828,
358,8828,8828,8828,8828,8828,
359,8828,8828,8828,8828,8828,
360,8828,8828,8828,8828,8828,
361,8828,8828,8828,8828,8828,
362,8828,8828,8828,8828,8828,
363,8828,8828,8828,8828,8828,
364,8828,8828,8828,8828,8828,
365,8828,8828,8828,8828,8828,
366,8828,8828,8828,8828,8828,
367,8828,8828,8828,8828,8828,
368,8828,8828,8828,8828,8828,
369,8828,8828,8828,8828,8828,
370,8828,8828,8828,8828,8828,
371,9715,9715,9715,9715,9715,
372,9715,9715,9715,9715,9715,
373,9715,9715,9715,9715,9715,
374,9715,9715,9715,9715,9715,
375,9715,9715,9715,9715,9715,
376,9715,9715,9715,9715,9715,
377,9715,9715,9715,9715,9715,
378,9715,9715,9715,9715,9715,
379,9715,9715,9715,9715,9715,
380,9715,9715,9715,9715,9715,
381,9715,9715,9715,9715,9715,
382,9715,9715,9715,9715,9715,
383,9715,9715,9715,9715,9715,
384,9715,9715,9715,9715,9715,
385,9715,9715,9715,9715,9715,
386,9715,9715,9715,9715,9715,
387,9715,9715,9715,9715,9715,
388,9715,9715,9715,9715,9715,
389,9715,9715,9715,9715,9715,
390,9715,9715,9715,9715,9715,
391,9715,9715,9715,9715,9715,
392,9715,9715,9715,9715,9715,
393,9715,9715,9715,9715,9715,
394,9715,9715,9715,9715,9715,
395,9715,9715,9715,9715,9715,
396,9715,9715,9715,9715,9715,
397,9715,9715,9715,9715,9715,
398,9715,9715,9715,9715,9715,
399,9715,9715,9715,9715,9715,
400,9715,9715,9715,9715,9715,
401,9715,9715,9715,9715,9715,
402,9715,9715,9715,9715,9715,
403,9715,9715,9715,9715,9715,
404,9715,9715,9715,9715,9715,
405,9715,9715,9715,9715,9715,
406,9715,9715,9715,9715,9715,
407,9715,9715,9715,9715,9715,
408,9715,9715,9715,9715,9715,
409,9715,9715,9715,9715,9715,
410,9715,9715,9715,9715,9715,
411,9715,9715,9715,9715,9715,
412,9715,9715,9715,9715,9715,
413,9715,9715,9715,9715,9715,
414,9715,9715,9715,9715,9715,
415,10698,10698,10698,10698,10698,
416,10698,10698,10698,10698,10698,
417,10698,10698,10698,10698,10698,
418,10698,10698,10698,10698,10698,
419,10698,10698,10698,10698,10698,
420,10698,10698,10698,10698,10698,
421,10698,10698,10698,10698,10698,
422,10698,10698,10698,10698,10698,
423,10698,10698,10698,10698,10698,
424,10698,10698,10698,10698,10698,
425,10698,10698,10698,10698,10698,
426,10698,10698,10698,10698,10698,
427,10698,10698,10698,10698,10698,
428,10698,10698,10698,10698,10698,
429,10698,10698,10698,10698,10698,
430,10698,10698,10698,10698,10698,
431,10698,10698,10698,10698,10698,
432,10698,10698,10698,10698,10698,
433,10698,10698,10698,10698,10698,
434,10698,10698,10698,10698,10698,
435,10698,10698,10698,10698,10698,
436,10698,10698,10698,10698,10698,
437,10698,10698,10698,10698,10698,
438,10698,10698,10698,10698,10698,
439,10698,10698,10698,10698,10698,
440,10698,10698,10698,10698,10698,
441,10698,10698,10698,10698,10698,
442,10698,10698,10698,10698,10698,
443,10698,10698,10698,10698,10698,
444,10698,10698,10698,10698,10698,
445,10698,10698,10698,10698,10698,
446,10698,10698,10698,10698,10698,
447,10698,10698,10698,10698,10698,
448,10698,10698,10698,10698,10698,
449,10698,10698,10698,10698,10698,
450,10698,10698,10698,10698,10698,
451,10698,10698,10698,10698,10698,
452,10698,10698,10698,10698,10698,
453,10698,10698,10698,10698,10698,
454,10698,10698,10698,10698,10698,
455,10698,10698,10698,10698,10698,
456,10698,10698,10698,10698,10698,
457,10698,10698,10698,10698,10698,
458,10698,10698,10698,10698,10698,
459,10698,10698,10698,10698,10698,
460,10698,10698,10698,10698,10698,
461,11775,11775,11775,11775,11775,
462,11775,11775,11775,11775,11775,
463,11775,11775,11775,11775,11775,
464,11775,11775,11775,11775,11775,
465,11775,11775,11775,11775,11775,
466,11775,11775,11775,11775,11775,
467,11775,11775,11775,11775,11775,
468,11775,11775,11775,11775,11775,
469,11775,11775,11775,11775,11775,
470,11775,11775,11775,11775,11775,
471,11775,11775,11775,11775,11775,
472,11775,11775,11775,11775,11775,
473,11775,11775,11775,11775,11775,
474,11775,11775,11775,11775,11775,
475,11775,11775,11775,11775,11775,
476,11775,11775,11775,11775,11775,
477,11775,11775,11775,11775,11775,
478,11775,11775,11775,11775,11775,
479,11775,11775,11775,11775,11775,
480,11775,11775,11775,11775,11775,
481,11775,11775,11775,11775,11775,
482,11775,11775,11775,11775,11775,
483,11775,11775,11775,11775,11775,
484,11775,11775,11775,11775,11775,
485,11775,11775,11775,11775,11775,
486,11775,11775,11775,11775,11775,
487,11775,11775,11775,11775,11775,
488,11775,11775,11775,11775,11775,
489,11775,11775,11775,11775,11775,
490,11775,11775,11775,11775,11775,
491,11775,11775,11775,11775,11775,
492,11775,11775,11775,11775,11775,
493,11775,11775,11775,11775,11775,
494,11775,11775,11775,11775,11775,
495,11775,11775,11775,11775,11775,
496,11775,11775,11775,11775,11775,
497,11775,11775,11775,11775,11775,
498,11775,11775,11775,11775,11775,
499,11775,11775,11775,11775,11775,
500,11775,11775,11775,11775,11775,
501,11775,11775,11775,11775,11775,
502,11775,11775,11775,11775,11775,
503,12959,12959,12959,12959,12959,
504,12959,12959,12959,12959,12959,
505,12959,12959,12959,12959,12959,
506,12959,12959,12959,12959,12959,
507,12959,12959,12959,12959,12959,
508,12959,12959,12959,12959,12959,
509,12959,12959,12959,12959,12959,
510,12959,12959,12959,12959,12959,
511,12959,12959,12959,12959,12959,
512,12959,12959,12959,12959,12959,
513,12959,12959,12959,12959,12959,
514,12959,12959,12959,12959,12959,
515,12959,12959,12959,12959,12959,
516,12959,12959,12959,12959,12959,
517,12959,12959,12959,12959,12959,
518,12959,12959,12959,12959,12959,
519,12959,12959,12959,12959,12959,
520,12959,12959,12959,12959,12959,
521,12959,12959,12959,12959,12959,
522,12959,12959,12959,12959,12959,
523,12959,12959,12959,12959,12959,
524,12959,12959,12959,12959,12959,
525,12959,12959,12959,12959,12959,
526,12959,12959,12959,12959,12959,
527,12959,12959,12959,12959,12959,
528,12959,12959,12959,12959,12959,
529,12959,12959,12959,12959,12959,
530,12959,12959,12959,12959,12959,
531,12959,12959,12959,12959,12959,
532,12959,12959,12959,12959,12959,
533,12959,12959,12959,12959,12959,
534,12959,12959,12959,12959,12959,
535,12959,12959,12959,12959,12959,
536,12959,12959,12959,12959,12959,
537,12959,12959,12959,12959,12959,
538,12959,12959,12959,12959,12959,
539,12959,12959,12959,12959,12959,
540,12959,12959,12959,12959,12959,
541,12959,12959,12959,12959,12959,
542,12959,12959,12959,12959,12959,
543,12959,12959,12959,12959,12959,
544,12959,12959,12959,12959,12959,
545,12959,12959,12959,12959,12959,
546,12959,12959,12959,12959,12959,
547,12959,12959,12959,12959,12959,
548,12959,12959,12959,12959,12959,
549,12959,12959,12959,12959,12959,
550,12959,12959,12959,12959,12959,
551,12959,12959,12959,12959,12959,
552,12959,12959,12959,12959,12959,
553,12959,12959,12959,12959,12959,
554,12959,12959,12959,12959,12959,
555,12959,12959,12959,12959,12959,
556,12959,12959,12959,12959,12959,
557,12959,12959,12959,12959,12959,
558,12959,12959,12959,12959,12959,
559,12959,12959,12959,12959,12959,
560,12959,12959,12959,12959,12959,
561,12959,12959,12959,12959,12959,
562,12959,12959,12959,12959,12959,
563,12959,12959,12959,12959,12959,
564,12959,12959,12959,12959,12959,
565,12959,12959,12959,12959,12959,
566,14256,14256,14256,14256,14256,
567,14256,14256,14256,14256,14256,
568,14256,14256,14256,14256,14256,
569,14256,14256,14256,14256,14256,
570,14256,14256,14256,14256,14256,
571,14256,14256,14256,14256,14256,
572,14256,14256,14256,14256,14256,
573,14256,14256,14256,14256,14256,
574,14256,14256,14256,14256,14256,
575,14256,14256,14256,14256,14256,
576,14256,14256,14256,14256,14256,
577,14256,14256,14256,14256,14256,
578,14256,14256,14256,14256,14256,
579,14256,14256,14256,14256,14256,
580,14256,14256,14256,14256,14256,
581,14256,14256,14256,14256,14256,
582,14256,14256,14256,14256,14256,
583,14256,14256,14256,14256,14256,
584,14256,14256,14256,14256,14256,
585,14256,14256,14256,14256,14256,
586,14256,14256,14256,14256,14256,
587,14256,14256,14256,14256,14256,
588,14256,14256,14256,14256,14256,
589,14256,14256,14256,14256,14256,
590,14256,14256,14256,14256,14256,
591,14256,14256,14256,14256,14256,
592,14256,14256,14256,14256,14256,
593,14256,14256,14256,14256,14256,
594,14256,14256,14256,14256,14256,
595,14256,14256,14256,14256,14256,
596,14256,14256,14256,14256,14256,
597,14256,14256,14256,14256,14256,
598,14256,14256,14256,14256,14256,
599,14256,14256,14256,14256,14256,
600,14256,14256,14256,14256,14256,
601,14256,14256,14256,14256,14256,
602,14256,14256,14256,14256,14256,
603,14256,14256,14256,14256,14256,
604,14256,14256,14256,14256,14256,
605,14256,14256,14256,14256,14256,
606,14256,14256,14256,14256,14256,
607,14256,14256,14256,14256,14256,
608,14256,14256,14256,14256,14256,
609,14256,14256,14256,14256,14256,
610,14256,14256,14256,14256,14256,
611,14256,14256,14256,14256,14256,
612,14256,14256,14256,14256,14256,
613,14256,14256,14256,14256,14256,
614,14256,14256,14256,14256,14256,
615,14256,14256,14256,14256,14256,
616,14256,14256,14256,14256,14256,
617,14256,14256,14256,14256,14256,
618,14256,14256,14256,14256,14256,
619,14256,14256,14256,14256,14256,
620,14256,14256,14256,14256,14256,
621,14256,14256,14256,14256,14256,
622,15689,15689,15689,15689,15689,
623,15689,15689,15689,15689,15689,
624,15689,15689,15689,15689,15689,
625,15689,15689,15689,15689,15689,
626,15689,15689,15689,15689,15689,
627,15689,15689,15689,15689,15689,
628,15689,15689,15689,15689,15689,
629,15689,15689,15689,15689,15689,
630,15689,15689,15689,15689,15689,
631,15689,15689,15689,15689,15689,
632,15689,15689,15689,15689,15689,
633,15689,15689,15689,15689,15689,
634,15689,15689,15689,15689,15689,
635,15689,15689,15689,15689,15689,
636,15689,15689,15689,15689,15689,
637,15689,15689,15689,15689,15689,
638,15689,15689,15689,15689,15689,
639,15689,15689,15689,15689,15689,
640,15689,15689,15689,15689,15689,
641,15689,15689,15689,15689,15689,
642,15689,15689,15689,15689,15689,
643,15689,15689,15689,15689,15689,
644,15689,15689,15689,15689,15689,
645,15689,15689,15689,15689,15689,
646,15689,15689,15689,15689,15689,
647,15689,15689,15689,15689,15689,
648,15689,15689,15689,15689,15689,
649,15689,15689,15689,15689,15689,
650,15689,15689,15689,15689,15689,
651,15689,15689,15689,15689,15689,
652,15689,15689,15689,15689,15689,
653,15689,15689,15689,15689,15689,
654,15689,15689,15689,15689,15689,
655,15689,15689,15689,15689,15689,
656,15689,15689,15689,15689,15689,
657,15689,15689,15689,15689,15689,
658,15689,15689,15689,15689,15689,
659,15689,15689,15689,15689,15689,
660,15689,15689,15689,15689,15689,
661,15689,15689,15689,15689,15689,
662,15689,15689,15689,15689,15689,
663,15689,15689,15689,15689,15689,
664,15689,15689,15689,15689,15689,
665,15689,15689,15689,15689,15689,
666,15689,15689,15689,15689,15689,
667,15689,15689,15689,15689,15689,
668,15689,15689,15689,15689,15689,
669,15689,15689,15689,15689,15689,
670,15689,15689,15689,15689,15689,
671,15689,15689,15689,15689,15689,
672,15689,15689,15689,15689,15689,
673,15689,15689,15689,15689,15689,
674,15689,15689,15689,15689,15689,
675,15689,15689,15689,15689,15689,
676,15689,15689,15689,15689,15689,
677,15689,15689,15689,15689,15689,
678,15689,15689,15689,15689,15689,
679,15689,15689,15689,15689,15689,
680,15689,15689,15689,15689,15689,
681,15689,15689,15689,15689,15689,
682,15689,15689,15689,15689,15689,
683,15689,15689,15689,15689,15689,
684,15689,15689,15689,15689,15689,
685,15689,15689,15689,15689,15689,
686,15689,15689,15689,15689,15689,
687,15689,15689,15689,15689,15689,
688,15689,15689,15689,15689,15689,
689,15689,15689,15689,15689,15689,
690,15689,15689,15689,15689,15689,
691,15689,15689,15689,15689,15689,
692,15689,15689,15689,15689,15689,
693,15689,15689,15689,15689,15689,
694,17272,17272,17272,17272,17272,
695,17272,17272,17272,17272,17272,
696,17272,17272,17272,17272,17272,
697,17272,17272,17272,17272,17272,
698,17272,17272,17272,17272,17272,
699,17272,17272,17272,17272,17272,
700,17272,17272,17272,17272,17272,
701,17272,17272,17272,17272,17272,
702,17272,17272,17272,17272,17272,
703,17272,17272,17272,17272,17272,
704,17272,17272,17272,17272,17272,
705,17272,17272,17272,17272,17272,
706,17272,17272,17272,17272,17272,
707,17272,17272,17272,17272,17272,
708,17272,17272,17272,17272,17272,
709,17272,17272,17272,17272,17272,
710,17272,17272,17272,17272,17272,
711,17272,17272,17272,17272,17272,
712,17272,17272,17272,17272,17272,
713,17272,17272,17272,17272,17272,
714,17272,17272,17272,17272,17272,
715,17272,17272,17272,17272,17272,
716,17272,17272,17272,17272,17272,
717,17272,17272,17272,17272,17272,
718,17272,17272,17272,17272,17272,
719,17272,17272,17272,17272,17272,
720,17272,17272,17272,17272,17272,
721,17272,17272,17272,17272,17272,
722,17272,17272,17272,17272,17272,
723,17272,17272,17272,17272,17272,
724,17272,17272,17272,17272,17272,
725,17272,17272,17272,17272,17272,
726,17272,17272,17272,17272,17272,
727,17272,17272,17272,17272,17272,
728,17272,17272,17272,17272,17272,
729,17272,17272,17272,17272,17272,
730,17272,17272,17272,17272,17272,
731,17272,17272,17272,17272,17272,
732,17272,17272,17272,17272,17272,
733,17272,17272,17272,17272,17272,
734,17272,17272,17272,17272,17272,
735,17272,17272,17272,17272,17272,
736,17272,17272,17272,17272,17272,
737,17272,17272,17272,17272,17272,
738,17272,17272,17272,17272,17272,
739,17272,17272,17272,17272,17272,
740,17272,17272,17272,17272,17272,
741,17272,17272,17272,17272,17272,
742,17272,17272,17272,17272,17272,
743,17272,17272,17272,17272,17272,
744,17272,17272,17272,17272,17272,
745,17272,17272,17272,17272,17272,
746,17272,17272,17272,17272,17272,
747,17272,17272,17272,17272,17272,
748,17272,17272,17272,17272,17272,
749,17272,17272,17272,17272,17272,
750,17272,17272,17272,17272,17272,
751,17272,17272,17272,17272,17272,
752,17272,17272,17272,17272,17272,
753,17272,17272,17272,17272,17272,
754,17272,17272,17272,17272,17272,
755,17272,17272,17272,17272,17272,
756,17272,17272,17272,17272,17272,
757,17272,17272,17272,17272,17272,
758,17272,17272,17272,17272,17272,
759,17272,17272,17272,17272,17272,
760,17272,17272,17272,17272,17272,
761,17272,17272,17272,17272,17272,
762,17272,17272,17272,17272,17272,
763,19043,19043,19043,19043,19043,
764,19043,19043,19043,19043,19043,
765,19043,19043,19043,19043,19043,
766,19043,19043,19043,19043,19043,
767,19043,19043,19043,19043,19043,
768,19043,19043,19043,19043,19043,
769,19043,19043,19043,19043,19043,
770,19043,19043,19043,19043,19043,
771,19043,19043,19043,19043,19043,
772,19043,19043,19043,19043,19043,
773,19043,19043,19043,19043,19043,
774,19043,19043,19043,19043,19043,
775,19043,19043,19043,19043,19043,
776,19043,19043,19043,19043,19043,
777,19043,19043,19043,19043,19043,
778,19043,19043,19043,19043,19043,
779,19043,19043,19043,19043,19043,
780,19043,19043,19043,19043,19043,
781,19043,19043,19043,19043,19043,
782,19043,19043,19043,19043,19043,
783,19043,19043,19043,19043,19043,
784,19043,19043,19043,19043,19043,
785,19043,19043,19043,19043,19043,
786,19043,19043,19043,19043,19043,
787,19043,19043,19043,19043,19043,
788,19043,19043,19043,19043,19043,
789,19043,19043,19043,19043,19043,
790,19043,19043,19043,19043,19043,
791,19043,19043,19043,19043,19043,
792,19043,19043,19043,19043,19043,
793,19043,19043,19043,19043,19043,
794,19043,19043,19043,19043,19043,
795,19043,19043,19043,19043,19043,
796,19043,19043,19043,19043,19043,
797,19043,19043,19043,19043,19043,
798,19043,19043,19043,19043,19043,
799,19043,19043,19043,19043,19043,
800,19043,19043,19043,19043,19043,
801,19043,19043,19043,19043,19043,
802,19043,19043,19043,19043,19043,
803,19043,19043,19043,19043,19043,
804,19043,19043,19043,19043,19043,
805,19043,19043,19043,19043,19043,
806,19043,19043,19043,19043,19043,
807,19043,19043,19043,19043,19043,
808,19043,19043,19043,19043,19043,
809,19043,19043,19043,19043,19043,
810,19043,19043,19043,19043,19043,
811,19043,19043,19043,19043,19043,
812,19043,19043,19043,19043,19043,
813,19043,19043,19043,19043,19043,
814,19043,19043,19043,19043,19043,
815,19043,19043,19043,19043,19043,
816,19043,19043,19043,19043,19043,
817,19043,19043,19043,19043,19043,
818,19043,19043,19043,19043,19043,
819,19043,19043,19043,19043,19043,
820,19043,19043,19043,19043,19043,
821,19043,19043,19043,19043,19043,
822,19043,19043,19043,19043,19043,
823,19043,19043,19043,19043,19043,
824,19043,19043,19043,19043,19043,
825,19043,19043,19043,19043,19043,
826,19043,19043,19043,19043,19043,
827,19043,19043,19043,19043,19043,
828,19043,19043,19043,19043,19043,
829,19043,19043,19043,19043,19043,
830,19043,19043,19043,19043,19043,
831,19043,19043,19043,19043,19043,
832,19043,19043,19043,19043,19043,
833,19043,19043,19043,19043,19043,
834,19043,19043,19043,19043,19043,
835,19043,19043,19043,19043,19043,
836,19043,19043,19043,19043,19043,
837,19043,19043,19043,19043,19043,
838,19043,19043,19043,19043,19043,
839,19043,19043,19043,19043,19043,
840,19043,19043,19043,19043,19043,
841,19043,19043,19043,19043,19043,
842,19043,19043,19043,19043,19043,
843,19043,19043,19043,19043,19043,
844,19043,19043,19043,19043,19043,
845,19043,19043,19043,19043,19043,
846,19043,19043,19043,19043,19043,
847,19043,19043,19043,19043,19043,
848,19043,19043,19043,19043,19043,
849,19043,19043,19043,19043,19043,
850,19043,19043,19043,19043,19043,
851,19043,19043,19043,19043,19043,
852,19043,19043,19043,19043,19043,
853,19043,19043,19043,19043,19043,
854,20964,20964,20964,20964,20964,
855,20964,20964,20964,20964,20964,
856,20964,20964,20964,20964,20964,
857,20964,20964,20964,20964,20964,
858,20964,20964,20964,20964,20964,
859,20964,20964,20964,20964,20964,
860,20964,20964,20964,20964,20964,
861,20964,20964,20964,20964,20964,
862,20964,20964,20964,20964,20964,
863,20964,20964,20964,20964,20964,
864,20964,20964,20964,20964,20964,
865,20964,20964,20964,20964,20964,
866,20964,20964,20964,20964,20964,
867,20964,20964,20964,20964,20964,
868,20964,20964,20964,20964,20964,
869,20964,20964,20964,20964,20964,
870,20964,20964,20964,20964,20964,
871,20964,20964,20964,20964,20964,
872,20964,20964,20964,20964,20964,
873,20964,20964,20964,20964,20964,
874,20964,20964,20964,20964,20964,
875,20964,20964,20964,20964,20964,
876,20964,20964,20964,20964,20964,
877,20964,20964,20964,20964,20964,
878,20964,20964,20964,20964,20964,
879,20964,20964,20964,20964,20964,
880,20964,20964,20964,20964,20964,
881,20964,20964,20964,20964,20964,
882,20964,20964,20964,20964,20964,
883,20964,20964,20964,20964,20964,
884,20964,20964,20964,20964,20964,
885,20964,20964,20964,20964,20964,
886,20964,20964,20964,20964,20964,
887,20964,20964,20964,20964,20964,
888,20964,20964,20964,20964,20964,
889,20964,20964,20964,20964,20964,
890,20964,20964,20964,20964,20964,
891,20964,20964,20964,20964,20964,
892,20964,20964,20964,20964,20964,
893,20964,20964,20964,20964,20964,
894,20964,20964,20964,20964,20964,
895,20964,20964,20964,20964,20964,
896,20964,20964,20964,20964,20964,
897,20964,20964,20964,20964,20964,
898,20964,20964,20964,20964,20964,
899,20964,20964,20964,20964,20964,
900,20964,20964,20964,20964,20964,
901,20964,20964,20964,20964,20964,
902,20964,20964,20964,20964,20964,
903,20964,20964,20964,20964,20964,
904,20964,20964,20964,20964,20964,
905,20964,20964,20964,20964,20964,
906,20964,20964,20964,20964,20964,
907,20964,20964,20964,20964,20964,
908,20964,20964,20964,20964,20964,
909,20964,20964,20964,20964,20964,
910,20964,20964,20964,20964,20964,
911,20964,20964,20964,20964,20964,
912,20964,20964,20964,20964,20964,
913,20964,20964,20964,20964,20964,
914,20964,20964,20964,20964,20964,
915,20964,20964,20964,20964,20964,
916,20964,20964,20964,20964,20964,
917,20964,20964,20964,20964,20964,
918,20964,20964,20964,20964,20964,
919,20964,20964,20964,20964,20964,
920,20964,20964,20964,20964,20964,
921,20964,20964,20964,20964,20964,
922,20964,20964,20964,20964,20964,
923,20964,20964,20964,20964,20964,
924,20964,20964,20964,20964,20964,
925,20964,20964,20964,20964,20964,
926,20964,20964,20964,20964,20964,
927,20964,20964,20964,20964,20964,
928,20964,20964,20964,20964,20964,
929,20964,20964,20964,20964,20964,
930,20964,20964,20964,20964,20964,
931,20964,20964,20964,20964,20964,
932,20964,20964,20964,20964,20964,
933,20964,20964,20964,20964,20964,
934,20964,20964,20964,20964,20964,
935,20964,20964,20964,20964,20964,
936,20964,20964,20964,20964,20964,
937,20964,20964,20964,20964,20964,
938,20964,20964,20964,20964,20964,
939,20964,20964,20964,20964,20964,
940,20964,20964,20964,20964,20964,
941,20964,20964,20964,20964,20964,
942,20964,20964,20964,20964,20964,
943,20964,20964,20964,20964,20964,
944,20964,20964,20964,20964,20964,
945,20964,20964,20964,20964,20964,
946,20964,20964,20964,20964,20964,
947,20964,20964,20964,20964,20964,
948,20964,20964,20964,20964,20964,
949,20964,20964,20964,20964,20964,
950,20964,20964,20964,20964,20964,
951,23070,23070,23070,23070,23070,
952,23070,23070,23070,23070,23070,
953,23070,23070,23070,23070,23070,
954,23070,23070,23070,23070,23070,
955,23070,23070,23070,23070,23070,
956,23070,23070,23070,23070,23070,
957,23070,23070,23070,23070,23070,
958,23070,23070,23070,23070,23070,
959,23070,23070,23070,23070,23070,
960,23070,23070,23070,23070,23070,
961,23070,23070,23070,23070,23070,
962,23070,23070,23070,23070,23070,
963,23070,23070,23070,23070,23070,
964,23070,23070,23070,23070,23070,
965,23070,23070,23070,23070,23070,
966,23070,23070,23070,23070,23070,
967,23070,23070,23070,23070,23070,
968,23070,23070,23070,23070,23070,
969,23070,23070,23070,23070,23070,
970,23070,23070,23070,23070,23070,
971,23070,23070,23070,23070,23070,
972,23070,23070,23070,23070,23070,
973,23070,23070,23070,23070,23070,
974,23070,23070,23070,23070,23070,
975,23070,23070,23070,23070,23070,
976,23070,23070,23070,23070,23070,
977,23070,23070,23070,23070,23070,
978,23070,23070,23070,23070,23070,
979,23070,23070,23070,23070,23070,
980,23070,23070,23070,23070,23070,
981,23070,23070,23070,23070,23070,
982,23070,23070,23070,23070,23070,
983,23070,23070,23070,23070,23070,
984,23070,23070,23070,23070,23070,
985,23070,23070,23070,23070,23070,
986,23070,23070,23070,23070,23070,
987,23070,23070,23070,23070,23070,
988,23070,23070,23070,23070,23070,
989,23070,23070,23070,23070,23070,
990,23070,23070,23070,23070,23070,
991,23070,23070,23070,23070,23070,
992,23070,23070,23070,23070,23070,
993,23070,23070,23070,23070,23070,
994,23070,23070,23070,23070,23070,
995,23070,23070,23070,23070,23070,
996,23070,23070,23070,23070,23070,
997,23070,23070,23070,23070,23070,
998,23070,23070,23070,23070,23070,
999,23070,23070,23070,23070,23070,
